1        -0.001093071406599        -0.033262841315931       151.356004923199549        -0.038635383280762        -0.021161173257592        -0.999029284808564         0.134179063675248        -0.990831160493444         0.015798426075068        -0.990203658865176        -0.133438435773123         0.041120528066160   -176157.307493680651532 -46205220.547641016542912 -143607056.665653228759766        17.848167319993443         0.003812038388709        -0.999992734155265
2        -0.008236848140278        -0.030664370317585       151.348192835122433        -0.041639807515421        -0.014276267308630        -0.999030687527571        -0.037384454180804        -0.999175463552663         0.015836528026196        -0.998433036821039         0.038007646941815         0.041071763515392   -170997.108088838955155 -46252844.841558828949928 -143589298.123038887977600        17.866471915902832         0.003696563352432        -0.999993167686350
3        -0.009598113387210        -0.033378174027468       151.348052013932517        -0.041674959852040        -0.014154114967005        -0.999030959856016        -0.040452802974638        -0.999055855624836         0.015841971885561        -0.998311959486025         0.041073816126927         0.041063039049070   -169989.905312511429656 -46251080.305451542139053 -143589823.994940519332886        17.866800722260130         0.003674930440685        -0.999993247420329
4        -0.002584574772294        -0.028406052413788       151.340261017074084        -0.043529206542409        -0.006825845301727        -0.999028836427511        -0.210745527460818        -0.977412278577159         0.015860653891603        -0.976571313746749         0.211231260760628         0.041107464582794   -177333.034138260758482 -46300927.320004053413868 -143571318.013743162155151        17.885094634813409         0.003829548516972        -0.999992667252194
5        -0.005207868808870        -0.031056176881977       151.340119034673222        -0.043532173384218        -0.006688903750786        -0.999029633417877        -0.213769766319389        -0.976755402564545         0.015854670249715        -0.975913642126290         0.214252519536145         0.041090400146673   -174598.266544361889828 -46299228.068218179047108 -143571825.318915545940399        17.885424575707848         0.003770629795507        -0.999992891150205
6        -0.010516546913367        -0.033627305419766       151.332330155829453        -0.043997616505596         0.000859983564095        -0.999031265862135        -0.377888158038732        -0.925715648795488         0.015845428023460        -0.924805249636876         0.378219245945288         0.041054259713912   -169050.205846590746660 -46341997.803283534944057 -143555597.129290074110031        17.903750977039834         0.003647445972732        -0.999993348046814
7        -0.008815872487690        -0.034390638365072       151.332190290658474        -0.044008597641031         0.000991852846315        -0.999030659970754        -0.380744433937999        -0.924544382117132         0.015854384910224        -0.923632459021932         0.381073092363631         0.041065544164388   -171086.765798244654434 -46342084.364728696644306 -143555523.012354969978333        17.904080298811195         0.003691379525743        -0.999993186835389
8        -0.006093861870695        -0.029981116277048       151.324423206404759        -0.043200477486505         0.008523339283544        -0.999030065329565        -0.533396942769135        -0.845716546753505         0.015850047061955        -0.844761161624679         0.533564312182500         0.041081681754016   -173294.684571410645731 -46391444.608199074864388 -143537142.753489702939987        17.922396711275702         0.003735038829233        -0.999993024718145
9        -0.007352233258436        -0.032277738790802       151.324283320068929        -0.043170959388382         0.008645919636155        -0.999030287998883        -0.535994237328222        -0.844072706477202         0.015856977366083        -0.843117100891937         0.536159038209649         0.041073591633551   -172449.942133135162294 -46390076.319780364632607 -143537542.278652727603912        17.922725752436730         0.003716941884961        -0.999993092147653
10        -0.006364963532045        -0.029501294745243       151.316531832213684        -0.041072337692932         0.015894690539312        -0.999029740242552        -0.672558513065226        -0.739873575133637         0.015878895505209        -0.738903315447923         0.672558139963849         0.041078446762717   -174252.282401528966147 -46437881.027108706533909 -143519647.344264864921570        17.941044081134962         0.003751922240530        -0.999992961514980
11        -0.007769996377594        -0.031548288833619       151.316390824169105        -0.041009426240227         0.016023369036675        -0.999030269113085        -0.674855696438981        -0.737779072474429         0.015869127343051        -0.736809348436423         0.674852051833205         0.041069358324767   -172489.022291900939308 -46436761.259709112346172 -143519967.604157269001007        17.941376649099450         0.003714046594950        -0.999993102905160
12        -0.011880600968751        -0.034778034689920       151.308655451275172        -0.037632373312440         0.022791373324372        -0.999031710097763        -0.791122498265395        -0.611452310600964         0.015851327990468        -0.610498973968992         0.790952985431328         0.041041169818566   -167683.206371588894399 -46478865.223191656172276 -143503910.167892158031464        17.959692983356561         0.003607298098274        -0.999993493679049
13        -0.010347118681278        -0.036114516464917       151.308515474791477        -0.037578147364598         0.022908134149510        -0.999031080712923        -0.793015158609788        -0.608995301245641         0.015864465822156        -0.608041808641262         0.792842948162192         0.041051412810584   -169763.935981968941633 -46478412.527309797704220 -143504010.312827616930008        17.960024449145049         0.003652094933761        -0.999993331079060
14        -0.004266722734554        -0.029255083638420       151.300794580837703        -0.033141815392922         0.029025436889857        -0.999029100720202        -0.885574700348334        -0.464225093564584         0.015890645295714        -0.463313144833408         0.885241541342422         0.041089454927894   -176542.448883984645363 -46530100.986409373581409 -143484816.227602928876877        17.978352729607796         0.003793698660076        -0.999992803899346
15        -0.006466024227079        -0.031821462739516       151.300646236938718        -0.033039329153262         0.029121539562947        -0.999029698588879        -0.887091465922381        -0.461320105606259         0.015889973288568        -0.460409745571033         0.886755713878921         0.041075176034954   -174455.610046838555718 -46528532.641713626682758 -143485280.735800385475159        17.978703792880392         0.003748981836137        -0.999992972542904
16        -0.005133105087949        -0.028163378064147       151.292941826369287        -0.027575700694618         0.034351403518310        -0.999029309784013        -0.952958096674576        -0.302684943038221         0.015896264980075        -0.301845070712722         0.952471420219142         0.041082197508899   -175844.995108558534412 -46577178.942006528377533 -143467061.002197682857513        17.997030882966889         0.003774892093418        -0.999992875069459
17        -0.005727231217219        -0.031843733631922       151.292810594388556        -0.027472060380269         0.034428573811035        -0.999029508675195        -0.953829268844846        -0.299928557329716         0.015892966778494        -0.299090307086956         0.953340198357047         0.041078636822279   -175172.287003335921327 -46574455.281060181558132 -143467904.780413180589676        17.997341607445769         0.003760671074613        -0.999992928651532
18        -0.004614564922207        -0.032083586322059       151.285110125230887        -0.021171900863856         0.038632016655158        -0.999029187713234        -0.991115040621372        -0.132053924417504         0.015897713673002        -0.131311564105769         0.990489438780186         0.041084605352913   -176328.639981421118136 -46619463.894230417907238 -143450846.710367262363434        18.015694947861210         0.003781841141243        -0.999992848813221
19        -0.008030197802625        -0.033117371304963       151.284980598508895        -0.021055882253456         0.038670848490074        -0.999030137332996        -0.991491859751145        -0.129194451305634         0.015896093829938        -0.128454434994447         0.990864955091708         0.041062134642070   -173025.292021736880997 -46619243.523340053856373 -143450881.423116117715836        18.016003165345996         0.003711010501258        -0.999993114176823
20        -0.007942518566756        -0.031863160626691       151.277297574745631        -0.014131079983149         0.041706303092458        -0.999029977959057        -0.998965530512554         0.042600298936609         0.015908594478646         0.043222464370791         0.998221317550810         0.041061170962896   -173552.094809036410879 -46665672.376892223954201 -143433346.361065447330475        18.034360928039231         0.003718605733733        -0.999993085961797
21        -0.008535641025462        -0.034150694592582       151.277168064328777        -0.014000604842486         0.041742617255670        -0.999030298323674        -0.998838945821218         0.045475410978891         0.015898028401555         0.046094938711319         0.998092952034501         0.041057468556307   -172522.775736452109413 -46664265.365227825939655 -143433764.410005956888199        18.034669380215814         0.003696662835835        -0.999993167318596
22        -0.005893789745420        -0.030109366052127       151.269504771088890        -0.006664235041342         0.043544046849174        -0.999029280829801        -0.976291847064262         0.215872024321703         0.015921635314894         0.216355765643452         0.975450247372589         0.041073076018103   -175954.541913279099390 -46713309.204857096076012 -143415358.861726284027100        18.053019291929065         0.003766236365494        -0.999992907706669
23        -0.006824771967546        -0.033317930239066       151.269357143841347        -0.006515833330533         0.043558464266955        -0.999029631245598        -0.975578273358845         0.219074769394021         0.015914709080964         0.219555406369745         0.974735300276779         0.041067236675422   -174786.181828598637367 -46711136.127279646694660 -143416021.332182645797729        18.053371492089877         0.003741402483467        -0.999993000929235
24        -0.010594586373927        -0.035829218033983       151.261715910349722         0.001041043592597         0.043998463953328        -0.999031056273019        -0.923731196217444         0.382711518540021         0.015892473422331         0.383039937033891         0.922819607911826         0.041041173113527   -170076.013426980120130 -46753928.967679761350155 -143399648.301176905632019        18.071704962890525         0.003637247775591        -0.999993385192432
25        -0.011110008669134        -0.036915514741241       151.261585458375521         0.001153169057085         0.043998539435812        -0.999030929815810        -0.922608355108572         0.385409818236965         0.015908962581028         0.385736300190922         0.921695937136573         0.041037862772742   -170371.247117031889502 -46753666.270210050046444 -143399692.105316668748856        18.072017579230472         0.003643582035289        -0.999993362132945
26        -0.002743219226431        -0.030197910673093       151.253949890283224         0.008685320910568         0.043207056573726        -0.999028385714299        -0.842916742704424         0.537808097344204         0.015931581828980         0.537973912071252         0.841959381854757         0.041090987302708   -179148.787155191646889 -46805268.974690318107605 -143380408.919251143932343        18.090381402651065         0.003827073045602        -0.999992676729137
27        -0.007020799447875        -0.033752605335121       151.253804243735743         0.008816142698848         0.043151676229765        -0.999029633427595        -0.841161157457913         0.540549990446002         0.015925294750533         0.540712661967498         0.840204523117669         0.041063079775311   -174841.929123997542774 -46802765.564709059894085 -143381184.993762046098709        18.090732655608019         0.003735268700522        -0.999993023859534
28        -0.006536532942116        -0.031517594927511       151.246203155445045         0.016047396353414         0.041024571556897        -0.999029261632934        -0.736413691895290         0.676343582923277         0.015944661415345         0.676341153161200         0.735442956569083         0.041064609744895   -176051.825841522368137 -46850006.809868551790714 -143363322.717390298843384        18.109053416270584         0.003757323722818        -0.999992941234308
29        -0.007973959223518        -0.033508631694636       151.246065877718365         0.016177030960840         0.040959170711000        -0.999029854410749        -0.734326749796572         0.678609174631454         0.015931498335790         0.678603365893876         0.733356621597355         0.041055296330895   -174094.671655057813041 -46848934.764441318809986 -143363631.636875569820404        18.109383478151408         0.003715639454805        -0.999993096987895
30        -0.010043951585498        -0.034020085502743       151.238467698672565         0.022941422915984         0.037572570474766        -0.999030526591909        -0.607286806111418         0.794323000014313         0.015928175389946         0.794151387480738         0.606332642693909         0.041040226196238   -171851.965773721924052 -46893701.402393676340580 -143346560.734857708215714        18.127757193504202         0.003664273484173        -0.999993286527381
31        -0.008491933737118        -0.034766802673890       151.238331141933969         0.023060282572528         0.037514700515963        -0.999029964822314        -0.604831588129479         0.796193925407807         0.015936848637046         0.796019455395688         0.603877371979532         0.041050532793706   -173737.533853617875138 -46893804.804301083087921 -143346480.841739326715469        18.128087236029302         0.003704469352974        -0.999993138429866
32        -0.005501938944703        -0.028849966030262       151.230742994595204         0.029156273885736         0.033029081869552        -0.999029024325096        -0.459475836976018         0.888047039500960         0.015950262341682         0.887711589948159         0.458564646897725         0.041068207743668   -176994.108381444151746 -46944652.789606690406799 -143327394.683585643768311        18.146460214939175         0.003769818122410        -0.999992894210416
33        -0.007131426966364        -0.033051570834740       151.230613726926947         0.029242007501317         0.032940666811855        -0.999029437738089        -0.456908935031076         0.889370446219547         0.015951002476674         0.889032693485487         0.455999037127528         0.041057862252020   -175535.973555547505384 -46941436.866497047245502 -143328408.462389111518860        18.146771498995975         0.003739017711115        -0.999993009848847
34        -0.004123740325691        -0.029874047692309       151.223045136930210         0.034459588643403         0.027477585520581        -0.999028287409565        -0.297897138482147         0.954464272144065         0.015976485366017         0.953975802436664         0.297057124968349         0.041075940291889   -179411.679543177422602 -46989660.145155549049377 -143310164.463373631238937        18.165136486113017         0.003817649454755        -0.999992712749768
35        -0.006055031080695        -0.033492669986208       151.222907215394144         0.034538583434864         0.027347815985629        -0.999029120303872        -0.294940530685437         0.955382373886172         0.015956284862549         0.954891182079563         0.294103071436594         0.041063533192555   -176674.574697301024571 -46987054.296693481504917 -143310978.082533180713654        18.165469525341784         0.003759616708149        -0.999992932616130
36        -0.009563586045294        -0.034440810662655       151.215357397678758         0.038685312093329         0.021021515368471        -0.999030301101950        -0.127133435976846         0.991757445228048         0.015945510071941         0.991130937911314         0.126393297790453         0.041038983767764   -172719.709343008318683 -47031356.584945902228355 -143294014.515985786914825        18.183829810357022         0.003671996593904        -0.999993258197781
37        -0.009309260828528        -0.035935667142883       151.215221699307165         0.038749648728360         0.020916627405156        -0.999030009269703        -0.124094763249315         0.992142024271816         0.015959116765077         0.991513466604224         0.123355982310623         0.041040798854993   -173618.436541277857032 -47030741.985288321971893 -143294171.611619979143143        18.184156653662811         0.003691151382225        -0.999993187677533
38        -0.003684197079315        -0.029248054768674       151.207679465499012         0.041796555196690         0.013985781996399        -0.999028250789556         0.047745696903013         0.998731702871577         0.015979177278169         0.997984667417760        -0.048367174624850         0.041075783837605   -179672.700339289731346 -47082329.679942175745964 -143274783.449577182531357        18.202541908596000         0.003815678670393        -0.999992720271645
39        -0.008633809722969        -0.033588679929416       151.207533829927797         0.041809085159629         0.013834907468638        -0.999029827249142         0.051015852166823         0.998570252010948         0.015963540537277         0.997822320468834        -0.051633779002961         0.041043509110036   -174298.376604397810297 -47079087.596001826226711 -143275808.663523554801941        18.202894650095281         0.003701801558599        -0.999993148309138
40        -0.004345047238767        -0.032356637471219       151.200019909380160         0.043587397562975         0.006486104312887        -0.999028562767117         0.221017033876314         0.975139120498853         0.015973929048322         0.974295442620053        -0.221498591696577         0.041070236987746   -178699.173147509165574 -47125424.451001822948456 -143258134.753845095634460        18.221248819123581         0.003791533970640        -0.999992812109242
41        -0.006867307235021        -0.034285812785084       151.199875294732294         0.043592820127204         0.006348303828677        -0.999029211320599         0.224220666509212         0.974407444537183         0.015975754776667         0.973562919766116        -0.224699423828853         0.041053747544649   -176417.675245373422513 -47124463.549098558723927 -143258406.930277824401855        18.221601277808325         0.003743203496427        -0.999992994189251
42        -0.009770515944195        -0.034441628889892       151.192381063328156         0.044014434746332        -0.001193294090279        -0.999030182518614         0.387430423928806         0.921760645098863         0.015968085710977         0.920847650889280        -0.387757513397409         0.041033092200709   -173168.529671430587769 -47169462.321103967726231 -143241167.889904648065567        18.239947230761700         0.003670759426082        -0.999993262739923
43        -0.010105247368885        -0.036416771951945       151.192236158339909         0.044010671637307        -0.001332331377843        -0.999030172554930         0.390469261031828         0.920477370657960         0.015973925499567         0.919563383879160        -0.390793596415943         0.041031061758156   -173149.963553907611640 -47168460.743488222360611 -143241450.800216525793076        18.240301153181722         0.003670443809710        -0.999993263898432
44        -0.007919041321597        -0.032824831444396       151.184752769176242         0.043148224250339        -0.008841590496686        -0.999029557631571         0.542146945486648         0.840131731565322         0.015980084998255         0.839175142770293        -0.542310335411877         0.041043633634428   -175326.398244385229191 -47217044.066904753446579 -143223005.882902503013611        18.258664391934030         0.003712755305620        -0.999993107700268
45        -0.007020550636088        -0.034720022341578       151.184607827937555         0.043131840654252        -0.008975386532479        -0.999029072028622         0.544923881177150         0.838332948234325         0.015994737496344         0.837375428374041        -0.545084681807642         0.041049745602796   -176892.167034147307277 -47216119.383200906217098 -143223261.728433340787888        18.259019430706040         0.003745985309930        -0.999992983772415
46        -0.004244617969837        -0.030748594140905       151.177147830070396         0.040993842023298        -0.016204863619661        -0.999027981245388         0.680143785370567         0.732903656136686         0.016020675493605         0.731931647176129        -0.680139421895646         0.041066173981655   -180557.979210636985954 -47265012.608214899897575 -143204696.791359484195709        18.277366668528739         0.003819658571089        -0.999992705077592
47        -0.006821565177721        -0.033967871524688       151.177002767105222         0.040912148637926        -0.016345562363626        -0.999029037958781         0.682560846402376         0.730653657450718         0.015997618959129         0.729682730405689        -0.682552602694405         0.041049451918307   -177064.107334716216428 -47262840.904887512326241 -143205370.824799269437790        18.277721854281502         0.003745919751627        -0.999992984017995
48        -0.013219030471110        -0.038470299093887       151.169548898062487         0.037480248392305        -0.023071496095920        -0.999030999042746         0.797423881920962         0.603207752748250         0.015986230528478         0.602254417603188        -0.797250345307108         0.041006138383701   -170380.512212439847644 -47303758.358183205127716 -143189433.247155070304871        18.296089736089552         0.003601407465935        -0.999993514911104
49        -0.002689423227117        -0.028507197498087       151.161976418696668         0.032955042387983        -0.029288665210738        -0.999027596851749         0.890304303097740         0.455083936855421         0.016026799487725         0.454172008237908        -0.889966732246967         0.041073135098270   -182002.876702602981823 -47359208.282496824860573 -143168608.337309271097183        18.314801625650059         0.003842566724400        -0.999992617313232
50        -0.006715218636414        -0.033649310464962       151.161841238673901         0.032836592906539        -0.029374780183464        -0.999028968776914         0.891696481986363         0.452350665071141         0.016008117404694         0.451441183521659        -0.891356268895256         0.041047042788661   -177367.493934533442371 -47355156.691402599215508 -143169910.382334291934967        18.315133212671814         0.003745023189807        -0.999992987376065
51        -0.008790039455640        -0.034335905314106       151.154407650296633         0.027304292008834        -0.034553373227225        -0.999029799373630         0.955989091660867         0.292965887687409         0.015995164174161         0.292128965122129        -0.955498327078676         0.041031874031358   -174651.259380173753016 -47399764.782387681305408 -143152712.139596939086914        18.333536938478272         0.003684201649100        -0.999993213306075
52        -0.008745743477891        -0.036658766814095       151.154264992112388         0.027209153390471        -0.034637916622648        -0.999029467385131         0.956947642530592         0.289818465599788         0.016014570007621         0.288982475985860        -0.956454636524613         0.041032387740110   -175641.672310636873590 -47398434.277462378144264 -143153104.603147059679031        18.333891982063601         0.003705197748781        -0.999993135731262
53        -0.008423326130938        -0.033756056395845       151.146861127915145         0.020902805919113        -0.038777940391361        -0.999029200796310         0.992406050968835         0.121955956110161         0.016030432611158         0.121215934204841        -0.991777704986487         0.041032684369746   -176517.453166655293899 -47446351.107189349830151 -143134794.357170313596725        18.352263519545463         0.003719911729068        -0.999993081104428
54        -0.007798162637416        -0.035462752404036       151.146718640109043         0.020770580420160        -0.038851371465316        -0.999029105644211         0.992802131608000         0.118689148841361         0.016025399275037         0.117951305476544        -0.992171082466414         0.041036966917670   -176889.476075402402785 -47445604.147201746702194 -143134994.692311793565750        18.352616744431799         0.003727810282072        -0.999993051691111
55        -0.004482908542832        -0.030257787371946       151.139325438905274         0.013836807562298        -0.041853326964843        -0.999027948447119         0.998469005612801        -0.052935309089832         0.016046740545971        -0.053555462719219        -0.997720477926327         0.041056794071048   -180829.414690965990303 -47495741.586038433015347 -143115923.734967887401581        18.371007785336705         0.003806817539690        -0.999992754043858
56        -0.005967461642163        -0.034356670235666       151.139182579222791         0.013689889018327        -0.041888470068511        -0.999028499600479         0.998290331107667        -0.056207167050327         0.016036495537378        -0.056824306028403        -0.997540029496308         0.041047384775334   -178986.440701604326023 -47492730.894101016223431 -143116878.339303940534592        18.371361262377370         0.003768258700094        -0.999992900087980
57        -0.006559979798271        -0.032654769873547       151.131814688309532         0.006341555713238        -0.043607723445004        -0.999028603758213         0.974012446994000        -0.225925494727592         0.016044436196279        -0.226405692887568        -0.973168041649561         0.041041746308650   -178633.215780729078688 -47539489.764169089496136 -143098919.941759288311005        18.389728989548271         0.003757123232686        -0.999992941987599
58        -0.008464731435088        -0.035771685056394       151.131672571742484         0.006196743003579        -0.043615202705521        -0.999029185994635         0.973266860787152        -0.229116451599771         0.016039616574303        -0.229593593267906        -0.972421393069530         0.041029455651342   -176637.662665130745154 -47537406.589469239115715 -143099567.712782531976700        18.390081872765084         0.003715314921982        -0.999993098193698
59        -0.010270296003846        -0.036098532770383       151.124311871293685        -0.001350049773065        -0.044018967056252        -0.999029783292224         0.919752403962924        -0.392171309115087         0.016036823606301        -0.392496742368686        -0.918838394303513         0.041016001556826   -174649.588477760553360 -47582296.067973718047142 -143082213.796017408370972        18.408472293278095         0.003670033697507        -0.999993265403652
60        -0.011394511552835        -0.037820386921167       151.124169827982172        -0.001489162170699        -0.044008959349875        -0.999030026522212         0.918453957556116        -0.395202526748607         0.016040283695287        -0.395525106972412        -0.917539194993031         0.041008723535418   -173769.499678295775084 -47581535.608260609209538 -143082420.837570637464523        18.408826504892005         0.003651598383558        -0.999993332892397
61        -0.005210600435959        -0.035197837255527       151.116822090549306        -0.009010684196200        -0.043143081126054        -0.999028268929998         0.837288194190829        -0.546526194432604         0.016049880612520        -0.546687559250233        -0.836329954832402         0.041047767430846   -179896.611175008962164 -47629240.290921323001385 -143064102.659667104482651        18.427229624686326         0.003776565625758        -0.999992868750610
62        -0.008411682895600        -0.037008598260199       151.116688182966868        -0.009129991979071        -0.043099498597018        -0.999029066878010         0.835583448523167        -0.549128921933795         0.016053898279183        -0.549287669441608        -0.834625580914288         0.041026770320048   -177078.507172833342338 -47628346.883295767009258 -143064359.316768735647202        18.427564028180736         0.003717475783851        -0.999993090163025
63        -0.007058780489880        -0.036643482561149       151.109211671728843        -0.016504379553709        -0.040859054327822        -0.999028599758276         0.727005324717957        -0.686443877325111         0.016064280706076        -0.686433436894855        -0.726033980583761         0.041034080352961   -178694.976091928459937 -47674802.029263049364090 -143046397.608281612396240        18.446331116310418         0.003747755061766        -0.999992977141338
64        -0.009667929368800        -0.036662630804814       151.101902200242137        -0.023226180946792        -0.037430131960922        -0.999029293734682         0.599000762930047        -0.800587201601731         0.016069182951668        -0.800411538227587        -0.598046083385637         0.041015260809252   -176306.450877778581344 -47719959.397601619362831 -143028907.168070822954178        18.464720198699368         0.003694162361174        -0.999993176558945
65        -0.009090334731962        -0.037460792120635       151.101769752291290        -0.023346951374544        -0.037358084567354        -0.999029175439322         0.596511212007417        -0.802443915046297         0.016066647273532        -0.802265101952563        -0.595556997039434         0.041019135368932   -176739.542954113800079 -47720022.769069097936153 -143028841.371588110923767        18.465053375686878         0.003703231930039        -0.999993143013127
66        -0.009769567052104        -0.036381584373585       151.094461985079988        -0.029391001722406        -0.032811152439882        -0.999029327544152         0.450287718013671        -0.892738836487667         0.016072984560678        -0.892399652635407        -0.449378235011682         0.041012947638421   -176230.803709599946160 -47766316.112160995602608 -143010947.972230076789856        18.483484288410057         0.003688993782736        -0.999993195639286
67        -0.010654073141449        -0.039191414422359       151.094329306174842        -0.029488040521643        -0.032715701976545        -0.999029598315473         0.447537327521192        -0.894120843700080         0.016070386935169        -0.893778941316802        -0.446629152323534         0.041007369500837   -175303.056170747935539 -47764468.219814896583557 -143011522.383881062269211        18.483814610666421         0.003669715710995        -0.999993266570631
68        -0.005756915373731        -0.033529957906976       151.087045531865414        -0.034671243327362        -0.027224615832261        -0.999027890090623         0.287960200263340        -0.957507039146260         0.016099473583323        -0.957014539048615        -0.287122082533108         0.041037565369052   -181101.104911895905389 -47815045.508904226124287 -142992174.822314113378525        18.502228214509763         0.003787077712750        -0.999992828995487
69        -0.005926954872607        -0.035322242097691       151.086914260790138        -0.034756996499753        -0.027107314450169        -0.999028100054056         0.285010276864967        -0.958389424715708         0.016088899106268        -0.957894092932863        -0.284174073582367         0.041036601076752   -180454.235810547776055 -47814164.314492888748646 -142992426.462027102708817        18.502559337898084         0.003773620510873        -0.999992879868772
